1 0
2 1
3 2
4 2
5 3
6 3
7 4
8 3
9 4
10 4
11 5
12 4
13 5
14 5
15 5
16 4
17 5
18 5
19 6
20 5
21 6
22 6
23 6
24 5
25 6
26 6
27 6
28 6
29 7
30 6
31 6
32 5
33 6
34 6
35 7
36 6
37 7
38 7
39 7
40 6
41 7
42 7
43 7
44 7
45 7
46 7
47 7
48 6
49 7
50 7
51 7
52 7
53 8
54 7
55 8
56 7
57 8
58 8
59 8
60 7
61 8
62 7
63 7
64 6
65 7
66 7
67 8
68 7
69 8
70 8
71 8
72 7
73 8
74 8
75 8
76 8
77 8
78 8
79 8
80 7
81 8
82 8
83 8
84 8
85 8
86 8
87 9
88 8
89 9
90 8
91 9
92 8
93 8
94 8
95 8
96 7
97 8
98 8
99 8
100 8
101 9
102 8
103 9
104 8
105 9
106 9
107 9
108 8
109 9
110 9
111 9
112 8
113 9
114 9
115 9
116 9
117 9
118 9
119 9
120 8
121 9
122 9
123 9
124 8
125 9
126 8
127 8
128 7
129 8
130 8
131 9
132 8
133 9
134 9
135 9
136 8
137 9
138 9
139 9
140 9
141 9
142 9
143 9
144 8
145 9
146 9
147 9
148 9
149 9
150 9
151 10
152 9
153 9
154 9
155 9
156 9
157 9
158 9
159 9
160 8
161 9
162 9
163 9
164 9
165 9
166 9
167 10
168 9
169 10
170 9
171 10
172 9
173 10
174 10
175 10
176 9
177 10
178 10
179 10
180 9
181 10
182 10
183 10
184 9
185 10
186 9
187 10
188 9
189 9
190 9
191 9
192 8
193 9
194 9
195 9
196 9
197 10
198 9
199 10
200 9
201 10
202 10
203 10
204 9
205 10
206 10
207 10
208 9
209 10
210 10
211 10
212 10
213 10
214 10
215 10
216 9
217 10
218 10
219 10
220 10
221 10
222 10
223 10
224 9
225 10
226 10
227 10
228 10
229 10
230 10
231 10
232 10
233 10
234 10
235 10
236 10
237 10
238 10
239 10
240 9
241 10
242 10
243 10
244 10
245 10
246 10
247 10
248 9
249 10
250 10
251 10
252 9
253 10
254 9
255 9
256 8
257 9
258 9
259 10
260 9
261 10
262 10
263 10
264 9
265 10
266 10
267 11
268 10
269 11
270 10
271 10
272 9
273 10
274 10
275 11
276 10
277 11
278 10
279 10
280 10
281 10
282 10
283 10
284 10
285 10
286 10
287 10
288 9
289 10
290 10
291 10
292 10
293 10
294 10
295 11
296 10
297 10
298 10
299 11
300 10
301 11
302 11
303 11
304 10
305 11
306 10
307 11
308 10
309 11
310 10
311 11
312 10
313 11
314 10
315 10
316 10
317 10
318 10
319 10
320 9
321 10
322 10
323 10
324 10
325 10
326 10
327 11
328 10
329 11
330 10
331 11
332 10
333 11
334 11
335 11
336 10
337 11
338 11
339 11
340 10
341 11
342 11
343 11
344 10
345 11
346 11
347 11
348 11
349 11
350 11
351 11
352 10
353 11
354 11
355 11
356 11
357 11
358 11
359 11
360 10
361 11
362 11
363 11
364 11
365 11
366 11
367 11
368 10
369 11
370 11
371 11
372 10
373 11
374 11
375 11
376 10
377 11
378 10
379 11
380 10
381 10
382 10
383 10
384 9
385 10
386 10
387 10
388 10
389 11
390 10
391 11
392 10
393 11
394 11
395 11
396 10
397 11
398 11
399 11
400 10
401 11
402 11
403 11
404 11
405 11
406 11
407 11
408 10
409 11
410 11
411 11
412 11
413 11
414 11
415 11
416 10
417 11
418 11
419 11
420 11
421 11
422 11
423 11
424 11
425 11
426 11
427 11
428 11
429 11
430 11
431 11
432 10
433 11
434 11
435 11
436 11
437 11
438 11
439 11
440 11
441 11
442 11
443 11
444 11
445 11
446 11
447 11
448 10
449 11
450 11
451 11
452 11
453 11
454 11
455 11
456 11
457 11
458 11
459 11
460 11
461 12
462 11
463 12
464 11
465 11
466 11
467 12
468 11
469 12
470 11
471 11
472 11
473 11
474 11
475 11
476 11
477 11
478 11
479 11
480 10
481 11
482 11
483 11
484 11
485 11
486 11
487 11
488 11
489 11
490 11
491 12
492 11
493 12
494 11
495 11
496 10
497 11
498 11
499 12
500 11
501 12
502 11
503 11
504 10
505 11
506 11
507 11
508 10
509 11
510 10
511 10
512 9
513 10
514 10
515 11
516 10
517 11
518 11
519 11
520 10
521 11
522 11
523 12
524 11
525 12
526 11
527 11
528 10
529 11
530 11
531 12
532 11
533 12
534 12
535 11
536 11
537 12
538 12
539 12
540 11
541 12
542 11
543 11
544 10
545 11
546 11
547 12
548 11
549 12
550 12
551 12
552 11
553 11
554 12
555 12
556 11
557 12
558 11
559 12
560 11
561 11
562 11
563 12
564 11
565 12
566 11
567 11
568 11
569 12
570 11
571 11
572 11
573 11
574 11
575 11
576 10
577 11
578 11
579 11
580 11
581 11
582 11
583 12
584 11
585 11
586 11
587 12
588 11
589 12
590 12
591 12
592 11
593 12
594 11
595 12
596 11
597 12
598 12
599 12
600 11
601 12
602 12
603 12
604 12
605 12
606 12
607 12
608 11
609 12
610 12
611 12
612 11
613 12
614 12
615 12
616 11
617 12
618 12
619 12
620 11
621 12
622 12
623 12
624 11
625 12
626 12
627 12
628 11
629 12
630 11
631 12
632 11
633 12
634 11
635 11
636 11
637 11
638 11
639 11
640 10
641 11
642 11
643 11
644 11
645 11
646 11
647 12
648 11
649 12
650 11
651 12
652 11
653 12
654 12
655 12
656 11
657 12
658 12
659 12
660 11
661 12
662 12
663 12
664 11
665 12
666 12
667 12
668 12
669 12
670 12
671 12
672 11
673 12
674 12
675 12
676 12
677 12
678 12
679 12
680 11
681 12
682 12
683 12
684 12
685 12
686 12
687 12
688 11
689 12
690 12
691 12
692 12
693 12
694 12
695 12
696 12
697 12
698 12
699 12
700 12
701 12
702 12
703 12
704 11
705 12
706 12
707 12
708 12
709 12
710 12
711 12
712 12
713 12
714 12
715 12
716 12
717 12
718 12
719 12
720 11
721 12
722 12
723 12
724 12
725 12
726 12
727 12
728 12
729 12
730 12
731 12
732 12
733 12
734 12
735 12
736 11
737 12
738 12
739 12
740 12
741 12
742 12
743 12
744 11
745 12
746 12
747 12
748 12
749 12
750 12
751 12
752 11
753 12
754 12
755 12
756 11
757 12
758 12
759 12
760 11
761 12
762 11
763 12
764 11
765 11
766 11
767 11
768 10
769 11
770 11
771 11
772 11
773 12
774 11
775 12
776 11
777 12
778 12
779 12
780 11
781 12
782 12
783 12
784 11
785 12
786 12
787 12
788 12
789 12
790 12
791 12
792 11
793 12
794 12
795 12
796 12
797 12
798 12
799 12
800 11
801 12
802 12
803 12
804 12
805 12
806 12
807 12
808 12
809 12
810 12
811 13
812 12
813 12
814 12
815 12
816 11
817 12
818 12
819 12
820 12
821 13
822 12
823 12
824 12
825 12
826 12
827 12
828 12
829 12
830 12
831 12
832 11
833 12
834 12
835 12
836 12
837 12
838 12
839 12
840 12
841 12
842 12
843 12
844 12
845 12
846 12
847 13
848 12
849 12
850 12
851 13
852 12
853 13
854 12
855 12
856 12
857 13
858 12
859 12
860 12
861 12
862 12
863 12
864 11
865 12
866 12
867 12
868 12
869 12
870 12
871 13
872 12
873 12
874 12
875 13
876 12
877 13
878 12
879 12
880 12
881 13
882 12
883 13
884 12
885 13
886 12
887 12
888 12
889 12
890 12
891 12
892 12
893 12
894 12
895 12
896 11
897 12
898 12
899 12
900 12
901 12
902 12
903 12
904 12
905 12
906 12
907 13
908 12
909 13
910 12
911 13
912 12
913 13
914 12
915 13
916 12
917 13
918 12
919 13
920 12
921 13
922 13
923 13
924 12
925 13
926 13
927 13
928 12
929 13
930 12
931 13
932 12
933 13
934 13
935 13
936 12
937 13
938 13
939 13
940 12
941 13
942 12
943 13
944 12
945 12
946 12
947 13
948 12
949 13
950 12
951 12
952 12
953 12
954 12
955 12
956 12
957 12
958 12
959 12
960 11
961 12
962 12
963 12
964 12
965 12
966 12
967 12
968 12
969 12
970 12
971 13
972 12
973 13
974 12
975 12
976 12
977 12
978 12
979 13
980 12
981 13
982 13
983 13
984 12
985 13
986 13
987 13
988 12
989 13
990 12
991 12
992 11
993 12
994 12
995 13
996 12
997 13
998 13
999 13
1000 12
1001 13
1002 13
1003 13
1004 12
1005 13
1006 12
1007 12
1008 11
1009 12
1010 12
1011 13
1012 12
1013 13
1014 12
1015 12
1016 11
1017 12
1018 12
1019 12
1020 11
1021 12
1022 11
1023 11
1024 10
1025 11
1026 11
1027 12
1028 11
1029 12
1030 12
1031 12
1032 11
1033 12
1034 12
1035 13
1036 12
1037 13
1038 12
1039 12
1040 11
1041 12
1042 12
1043 13
1044 12
1045 13
1046 13
1047 13
1048 12
1049 13
1050 13
1051 13
1052 12
1053 13
1054 12
1055 12
1056 11
1057 12
1058 12
1059 13
1060 12
1061 13
1062 13
1063 13
1064 12
1065 13
1066 13
1067 13
1068 13
1069 13
1070 12
1071 12
1072 12
1073 12
1074 13
1075 13
1076 13
1077 13
1078 13
1079 12
1080 12
1081 13
1082 13
1083 13
1084 12
1085 13
1086 12
1087 12
1088 11
1089 12
1090 12
1091 13
1092 12
1093 13
1094 13
1095 13
1096 12
1097 12
1098 13
1099 13
1100 13
1101 13
1102 13
1103 13
1104 12
1105 12
1106 12
1107 13
1108 13
1109 13
1110 13
1111 13
1112 12
1113 13
1114 13
1115 13
1116 12
1117 13
1118 13
1119 13
1120 12
1121 13
1122 12
1123 13
1124 12
1125 13
1126 13
1127 13
1128 12
1129 13
1130 13
1131 13
1132 12
1133 13
1134 12
1135 13
1136 12
1137 13
1138 13
1139 13
1140 12
1141 13
1142 12
1143 12
1144 12
1145 13
1146 12
1147 12
1148 12
1149 12
1150 12
1151 12
1152 11
1153 12
1154 12
1155 12
1156 12
1157 12
1158 12
1159 13
1160 12
1161 12
1162 12
1163 13
1164 12
1165 13
1166 13
1167 13
1168 12
1169 13
1170 12
1171 13
1172 12
1173 13
1174 13
1175 13
1176 12
1177 13
1178 13
1179 13
1180 13
1181 13
1182 13
1183 13
1184 12
1185 13
1186 13
1187 13
1188 12
1189 13
1190 13
1191 13
1192 12
1193 13
1194 13
1195 13
1196 13
1197 13
1198 13
1199 13
1200 12
1201 13
1202 13
1203 13
1204 13
1205 13
1206 13
1207 13
1208 13
1209 13
1210 13
1211 13
1212 13
1213 13
1214 13
1215 13
1216 12
1217 13
1218 13
1219 13
1220 13
1221 13
1222 13
1223 13
1224 12
1225 13
1226 13
1227 13
1228 13
1229 13
1230 13
1231 13
1232 12
1233 13
1234 13
1235 13
1236 13
1237 13
1238 13
1239 13
1240 12
1241 13
1242 13
1243 13
1244 13
1245 13
1246 13
1247 13
1248 12
1249 13
1250 13
1251 13
1252 13
1253 13
1254 13
1255 13
1256 12
1257 13
1258 13
1259 13
1260 12
1261 13
1262 13
1263 13
1264 12
1265 13
1266 13
1267 13
1268 12
1269 13
1270 12
1271 13
1272 12
1273 13
1274 12
1275 12
1276 12
1277 12
1278 12
1279 12
1280 11
1281 12
1282 12
1283 12
1284 12
1285 12
1286 12
1287 13
1288 12
1289 13
1290 12
1291 13
1292 12
1293 13
1294 13
1295 13
1296 12
1297 13
1298 13
1299 13
1300 12
1301 13
1302 13
1303 13
1304 12
1305 13
1306 13
1307 13
1308 13
1309 13
1310 13
1311 13
1312 12
1313 13
1314 13
1315 13
1316 13
1317 13
1318 13
1319 13
1320 12
1321 13
1322 13
1323 13
1324 13
1325 13
1326 13
1327 13
1328 12
1329 13
1330 13
1331 13
1332 13
1333 13
1334 13
1335 13
1336 13
1337 13
1338 13
1339 13
1340 13
1341 13
1342 13
1343 13
1344 12
1345 13
1346 13
1347 13
1348 13
1349 13
1350 13
1351 13
1352 13
1353 13
1354 13
1355 13
1356 13
1357 13
1358 13
1359 13
1360 12
1361 13
1362 13
1363 13
1364 13
1365 13
1366 13
1367 13
1368 13
1369 13
1370 13
1371 13
1372 13
1373 13
1374 13
1375 13
1376 12
1377 13
1378 13
1379 13
1380 13
1381 13
1382 13
1383 14
1384 13
1385 13
1386 13
1387 13
1388 13
1389 14
1390 13
1391 14
1392 13
1393 13
1394 13
1395 13
1396 13
1397 13
1398 13
1399 13
1400 13
1401 13
1402 13
1403 13
1404 13
1405 13
1406 13
1407 13
1408 12
1409 13
1410 13
1411 13
1412 13
1413 13
1414 13
1415 13
1416 13
1417 13
1418 13
1419 13
1420 13
1421 13
1422 13
1423 13
1424 13
1425 13
1426 13
1427 14
1428 13
1429 14
1430 13
1431 13
1432 13
1433 13
1434 13
1435 13
1436 13
1437 13
1438 13
1439 13
1440 12
1441 13
1442 13
1443 13
1444 13
1445 13
1446 13
1447 13
1448 13
1449 13
1450 13
1451 14
1452 13
1453 14
1454 13
1455 13
1456 13
1457 13
1458 13
1459 13
1460 13
1461 13
1462 13
1463 13
1464 13
1465 13
1466 13
1467 13
1468 13
1469 13
1470 13
1471 13
1472 12
1473 13
1474 13
1475 13
1476 13
1477 13
1478 13
1479 13
1480 13
1481 13
1482 13
1483 13
1484 13
1485 13
1486 13
1487 13
1488 12
1489 13
1490 13
1491 13
1492 13
1493 14
1494 13
1495 13
1496 13
1497 14
1498 13
1499 14
1500 13
1501 13
1502 13
1503 13
1504 12
1505 13
1506 13
1507 13
1508 13
1509 13
1510 13
1511 13
1512 12
1513 13
1514 13
1515 13
1516 13
1517 13
1518 13
1519 13
1520 12
1521 13
1522 13
1523 13
1524 12
1525 13
1526 13
1527 13
1528 12
1529 13
1530 12
1531 13
1532 12
1533 12
1534 12
1535 12
1536 11
1537 12
1538 12
1539 12
1540 12
1541 13
1542 12
1543 13
1544 12
1545 13
1546 13
1547 13
1548 12
1549 13
1550 13
1551 13
1552 12
1553 13
1554 13
1555 13
1556 13
1557 13
1558 13
1559 13
1560 12
1561 13
1562 13
1563 13
1564 13
1565 13
1566 13
1567 13
1568 12
1569 13
1570 13
1571 13
1572 13
1573 14
1574 13
1575 13
1576 13
1577 14
1578 13
1579 14
1580 13
1581 13
1582 13
1583 13
1584 12
1585 13
1586 13
1587 13
1588 13
1589 14
1590 13
1591 13
1592 13
1593 13
1594 13
1595 13
1596 13
1597 13
1598 13
1599 13
1600 12
1601 13
1602 13
1603 13
1604 13
1605 13
1606 13
1607 14
1608 13
1609 13
1610 13
1611 14
1612 13
1613 13
1614 13
1615 13
1616 13
1617 13
1618 13
1619 14
1620 13
1621 14
1622 14
1623 13
1624 13
1625 13
1626 13
1627 14
1628 13
1629 13
1630 13
1631 13
1632 12
1633 13
1634 13
1635 13
1636 13
1637 14
1638 13
1639 14
1640 13
1641 13
1642 14
1643 14
1644 13
1645 14
1646 13
1647 13
1648 13
1649 13
1650 13
1651 13
1652 13
1653 14
1654 13
1655 13
1656 13
1657 13
1658 13
1659 13
1660 13
1661 13
1662 13
1663 13
1664 12
1665 13
1666 13
1667 13
1668 13
1669 13
1670 13
1671 13
1672 13
1673 13
1674 13
1675 14
1676 13
1677 13
1678 13
1679 14
1680 13
1681 13
1682 13
1683 13
1684 13
1685 14
1686 13
1687 14
1688 13
1689 14
1690 13
1691 14
1692 13
1693 14
1694 14
1695 14
1696 13
1697 14
1698 13
1699 14
1700 13
1701 13
1702 14
1703 14
1704 13
1705 14
1706 14
1707 14
1708 13
1709 14
1710 13
1711 14
1712 13
1713 13
1714 14
1715 14
1716 13
1717 14
1718 13
1719 13
1720 13
1721 14
1722 13
1723 13
1724 13
1725 13
1726 13
1727 13
1728 12
1729 13
1730 13
1731 13
1732 13
1733 13
1734 13
1735 14
1736 13
1737 13
1738 13
1739 14
1740 13
1741 14
1742 14
1743 13
1744 13
1745 14
1746 13
1747 14
1748 13
1749 14
1750 14
1751 14
1752 13
1753 14
1754 14
1755 13
1756 13
1757 14
1758 13
1759 14
1760 13
1761 14
1762 14
1763 14
1764 13
1765 14
1766 14
1767 14
1768 13
1769 14
1770 14
1771 14
1772 13
1773 14
1774 13
1775 14
1776 13
1777 14
1778 13
1779 14
1780 13
1781 14
1782 13
1783 13
1784 13
1785 13
1786 13
1787 13
1788 13
1789 13
1790 13
1791 13
1792 12
1793 13
1794 13
1795 13
1796 13
1797 13
1798 13
1799 13
1800 13
1801 13
1802 13
1803 14
1804 13
1805 14
1806 13
1807 14
1808 13
1809 14
1810 13
1811 14
1812 13
1813 14
1814 14
1815 14
1816 13
1817 14
1818 14
1819 14
1820 13
1821 14
1822 14
1823 14
1824 13
1825 14
1826 14
1827 14
1828 13
1829 14
1830 14
1831 14
1832 13
1833 14
1834 14
1835 14
1836 13
1837 14
1838 14
1839 14
1840 13
1841 14
1842 14
1843 14
1844 14
1845 14
1846 14
1847 14
1848 13
1849 14
1850 14
1851 14
1852 14
1853 14
1854 14
1855 14
1856 13
1857 14
1858 14
1859 14
1860 13
1861 14
1862 14
1863 14
1864 13
1865 14
1866 14
1867 14
1868 14
1869 14
1870 14
1871 14
1872 13
1873 14
1874 14
1875 14
1876 14
1877 14
1878 14
1879 14
1880 13
1881 14
1882 14
1883 14
1884 13
1885 14
1886 14
1887 14
1888 13
1889 14
1890 13
1891 14
1892 13
1893 14
1894 14
1895 14
1896 13
1897 14
1898 14
1899 14
1900 13
1901 14
1902 13
1903 14
1904 13
1905 13
1906 13
1907 14
1908 13
1909 14
1910 13
1911 13
1912 13
1913 13
1914 13
1915 13
1916 13
1917 13
1918 13
1919 13
1920 12
1921 13
1922 13
1923 13
1924 13
1925 13
1926 13
1927 13
1928 13
1929 13
1930 13
1931 14
1932 13
1933 14
1934 13
1935 13
1936 13
1937 14
1938 13
1939 14
1940 13
1941 14
1942 14
1943 14
1944 13
1945 14
1946 14
1947 14
1948 13
1949 14
1950 13
1951 14
1952 13
1953 13
1954 13
1955 14
1956 13
1957 14
1958 14
1959 14
1960 13
1961 14
1962 14
1963 14
1964 14
1965 14
1966 14
1967 14
1968 13
1969 13
1970 14
1971 14
1972 14
1973 14
1974 14
1975 14
1976 13
1977 14
1978 14
1979 14
1980 13
1981 14
1982 13
1983 13
1984 12
1985 13
1986 13
1987 14
1988 13
1989 14
1990 14
1991 14
1992 13
1993 14
1994 14
1995 14
1996 14
1997 14
1998 14
1999 13
2000 13
2001 14
2002 14
2003 14
2004 14
2005 14
2006 14
2007 14
2008 13
2009 14
2010 14
2011 14
2012 13
2013 14
2014 13
2015 13
2016 12
2017 13
2018 13
2019 14
2020 13
2021 14
2022 14
2023 14
2024 13
2025 14
2026 14
2027 14
2028 13
2029 14
2030 13
2031 13
2032 12
2033 13
2034 13
2035 14
2036 13
2037 14
2038 13
2039 13
2040 12
2041 13
2042 13
2043 13
2044 12
2045 13
2046 12
2047 12
2048 11
2049 12
2050 12
2051 13
2052 12
2053 13
2054 13
2055 13
2056 12
2057 13
2058 13
2059 14
2060 13
2061 14
2062 13
2063 13
2064 12
2065 13
2066 13
2067 14
2068 13
2069 14
2070 14
2071 14
2072 13
2073 14
2074 14
2075 14
2076 13
2077 14
2078 13
2079 13
2080 12
2081 13
2082 13
2083 14
2084 13
2085 14
2086 14
2087 14
2088 13
2089 14
2090 14
2091 14
2092 14
2093 14
2094 14
2095 13
2096 13
2097 14
2098 14
2099 14
2100 14
2101 14
2102 14
2103 14
2104 13
2105 14
2106 14
2107 14
2108 13
2109 14
2110 13
2111 13
2112 12
2113 13
2114 13
2115 14
2116 13
2117 14
2118 14
2119 14
2120 13
2121 14
2122 14
2123 14
2124 14
2125 14
2126 14
2127 14
2128 13
2129 13
2130 14
2131 14
2132 14
2133 14
2134 14
2135 14
2136 14
2137 14
2138 14
2139 14
2140 13
2141 14
2142 13
2143 14
2144 13
2145 13
2146 13
2147 14
2148 14
2149 14
2150 14
2151 14
2152 14
2153 14
2154 14
2155 14
2156 14
2157 14
2158 13
2159 13
2160 13
2161 14
2162 14
2163 14
2164 14
2165 14
2166 14
2167 13
2168 13
2169 14
2170 14
2171 14
2172 13
2173 14
2174 13
2175 13
2176 12
2177 13
2178 13
2179 14
2180 13
2181 14
2182 14
2183 14
2184 13
2185 13
2186 14
2187 14
2188 14
2189 14
2190 14
2191 14
2192 13
2193 13
2194 13
2195 14
2196 14
2197 14
2198 14
2199 14
2200 14
2201 14
2202 14
2203 14
2204 14
2205 14
2206 14
2207 14
2208 13
2209 14
2210 13
2211 14
2212 13
2213 14
2214 14
2215 14
2216 14
2217 14
2218 14
2219 14
2220 14
2221 14
2222 14
2223 14
2224 13
2225 14
2226 14
2227 14
2228 14
2229 14
2230 14
2231 14
2232 13
2233 14
2234 14
2235 14
2236 14
2237 14
2238 14
2239 14
2240 13
2241 14
2242 14
2243 14
2244 13
2245 14
2246 14
2247 14
2248 13
2249 14
2250 14
2251 14
2252 14
2253 14
2254 14
2255 14
2256 13
2257 14
2258 14
2259 14
2260 14
2261 14
2262 14
2263 14
2264 13
2265 14
2266 14
2267 14
2268 13
2269 14
2270 14
2271 14
2272 13
2273 14
2274 14
2275 14
2276 14
2277 14
2278 14
2279 14
2280 13
2281 14
2282 14
2283 14
2284 13
2285 14
2286 13
2287 14
2288 13
2289 14
2290 14
2291 14
2292 13
2293 14
2294 13
2295 13
2296 13
2297 14
2298 13
2299 13
2300 13
2301 13
2302 13
2303 13
2304 12
2305 13
2306 13
2307 13
2308 13
2309 13
2310 13
2311 14
2312 13
2313 13
2314 13
2315 14
2316 13
2317 14
2318 14
2319 14
2320 13
2321 14
2322 13
2323 14
2324 13
2325 14
2326 14
2327 14
2328 13
2329 14
2330 14
2331 14
2332 14
2333 14
2334 14
2335 14
2336 13
2337 14
2338 14
2339 14
2340 13
2341 14
2342 14
2343 14
2344 13
2345 14
2346 14
2347 14
2348 14
2349 14
2350 14
2351 14
2352 13
2353 14
2354 14
2355 14
2356 14
2357 15
2358 14
2359 14
2360 14
2361 14
2362 14
2363 14
2364 14
2365 14
2366 14
2367 14
2368 13
2369 14
2370 14
2371 14
2372 14
2373 14
2374 14
2375 14
2376 13
2377 14
2378 14
2379 14
2380 14
2381 14
2382 14
2383 14
2384 13
2385 14
2386 14
2387 14
2388 14
2389 14
2390 14
2391 14
2392 14
2393 14
2394 14
2395 14
2396 14
2397 14
2398 14
2399 14
2400 13
2401 14
2402 14
2403 14
2404 14
2405 14
2406 14
2407 14
2408 14
2409 14
2410 14
2411 14
2412 14
2413 14
2414 14
2415 14
2416 14
2417 14
2418 14
2419 14
2420 14
2421 14
2422 14
2423 14
2424 14
2425 14
2426 14
2427 14
2428 14
2429 14
2430 14
2431 14
2432 13
2433 14
2434 14
2435 14
2436 14
2437 14
2438 14
2439 14
2440 14
2441 14
2442 14
2443 14
2444 14
2445 14
2446 14
2447 14
2448 13
2449 14
2450 14
2451 14
2452 14
2453 14
2454 14
2455 14
2456 14
2457 14
2458 14
2459 14
2460 14
2461 14
2462 14
2463 14
2464 13
2465 14
2466 14
2467 14
2468 14
2469 14
2470 14
2471 15
2472 14
2473 14
2474 14
2475 14
2476 14
2477 14
2478 14
2479 14
2480 13
2481 14
2482 14
2483 14
2484 14
2485 14
2486 14
2487 14
2488 14
2489 14
2490 14
2491 14
2492 14
2493 14
2494 14
2495 14
2496 13
2497 14
2498 14
2499 14
2500 14
2501 14
2502 14
2503 14
2504 14
2505 14
2506 14
2507 14
2508 14
2509 14
2510 14
2511 14
2512 13
2513 14
2514 14
2515 14
2516 14
2517 14
2518 14
2519 14
2520 13
2521 14
2522 14
2523 14
2524 14
2525 14
2526 14
2527 14
2528 13
2529 14
2530 14
2531 14
2532 14
2533 14
2534 14
2535 14
2536 13
2537 14
2538 14
2539 14
2540 13
2541 14
2542 14
2543 14
2544 13
2545 14
2546 14
2547 14
2548 13
2549 14
2550 13
2551 14
2552 13
2553 14
2554 13
2555 13
2556 13
2557 13
2558 13
2559 13
2560 12
2561 13
2562 13
2563 13
2564 13
2565 13
2566 13
2567 14
2568 13
2569 14
2570 13
2571 14
2572 13
2573 14
2574 14
2575 14
2576 13
2577 14
2578 14
2579 14
2580 13
2581 14
2582 14
2583 14
2584 13
2585 14
2586 14
2587 14
2588 14
2589 14
2590 14
2591 14
2592 13
2593 14
2594 14
2595 14
2596 14
2597 14
2598 14
2599 14
2600 13
2601 14
2602 14
2603 14
2604 14
2605 14
2606 14
2607 14
2608 13
2609 14
2610 14
2611 14
2612 14
2613 14
2614 14
2615 14
2616 14
2617 14
2618 14
2619 14
2620 14
2621 14
2622 14
2623 14
2624 13
2625 14
2626 14
2627 14
2628 14
2629 14
2630 14
2631 15
2632 14
2633 14
2634 14
2635 14
2636 14
2637 14
2638 14
2639 14
2640 13
2641 14
2642 14
2643 14
2644 14
2645 14
2646 14
2647 14
2648 14
2649 14
2650 14
2651 14
2652 14
2653 14
2654 14
2655 14
2656 13
2657 14
2658 14
2659 14
2660 14
2661 14
2662 14
2663 14
2664 14
2665 14
2666 14
2667 14
2668 14
2669 14
2670 14
2671 14
2672 14
2673 14
2674 14
2675 14
2676 14
2677 14
2678 14
2679 14
2680 14
2681 14
2682 14
2683 14
2684 14
2685 14
2686 14
2687 14
2688 13
2689 14
2690 14
2691 14
2692 14
2693 14
2694 14
2695 14
2696 14
2697 14
2698 14
2699 14
2700 14
2701 14
2702 14
2703 14
2704 14
2705 14
2706 14
2707 15
2708 14
2709 14
2710 14
2711 14
2712 14
2713 14
2714 14
2715 14
2716 14
2717 14
2718 14
2719 14
2720 13
2721 14
2722 14
2723 14
2724 14
2725 14
2726 14
2727 15
2728 14
2729 14
2730 14
2731 15
2732 14
2733 15
2734 14
2735 14
2736 14
2737 14
2738 14
2739 14
2740 14
2741 15
2742 14
2743 14
2744 14
2745 15
2746 14
2747 14
2748 14
2749 14
2750 14
2751 14
2752 13
2753 14
2754 14
2755 14
2756 14
2757 14
2758 14
2759 15
2760 14
2761 14
2762 14
2763 15
2764 14
2765 14
2766 15
2767 15
2768 14
2769 14
2770 14
2771 14
2772 14
2773 15
2774 14
2775 14
2776 14
2777 15
2778 14
2779 15
2780 14
2781 15
2782 15
2783 15
2784 14
2785 15
2786 14
2787 15
2788 14
2789 15
2790 14
2791 15
2792 14
2793 15
2794 14
2795 14
2796 14
2797 15
2798 14
2799 15
2800 14
2801 14
2802 14
2803 14
2804 14
2805 14
2806 14
2807 14
2808 14
2809 14
2810 14
2811 14
2812 14
2813 14
2814 14
2815 14
2816 13
2817 14
2818 14
2819 14
2820 14
2821 14
2822 14
2823 14
2824 14
2825 14
2826 14
2827 14
2828 14
2829 14
2830 14
2831 14
2832 14
2833 15
2834 14
2835 14
2836 14
2837 15
2838 14
2839 15
2840 14
2841 15
2842 14
2843 15
2844 14
2845 15
2846 14
2847 15
2848 14
2849 15
2850 14
2851 15
2852 14
2853 14
2854 15
2855 14
2856 14
2857 15
2858 15
2859 14
2860 14
2861 15
2862 14
2863 15
2864 14
2865 14
2866 14
2867 15
2868 14
2869 15
2870 14
2871 14
2872 14
2873 14
2874 14
2875 14
2876 14
2877 14
2878 14
2879 14
2880 13
2881 14
2882 14
2883 14
2884 14
2885 14
2886 14
2887 14
2888 14
2889 14
2890 14
2891 15
2892 14
2893 15
2894 14
2895 14
2896 14
2897 15
2898 14
2899 15
2900 14
2901 14
2902 15
2903 15
2904 14
2905 14
2906 15
2907 14
2908 14
2909 15
2910 14
2911 15
2912 14
2913 14
2914 14
2915 15
2916 14
2917 15
2918 14
2919 15
2920 14
2921 14
2922 14
2923 15
2924 14
2925 14
2926 14
2927 15
2928 14
2929 14
2930 14
2931 14
2932 14
2933 14
2934 14
2935 14
2936 14
2937 14
2938 14
2939 14
2940 14
2941 14
2942 14
2943 14
2944 13
2945 14
2946 14
2947 14
2948 14
2949 14
2950 14
2951 14
2952 14
2953 14
2954 14
2955 14
2956 14
2957 14
2958 14
2959 14
2960 14
2961 14
2962 14
2963 15
2964 14
2965 15
2966 14
2967 14
2968 14
2969 15
2970 14
2971 15
2972 14
2973 14
2974 14
2975 14
2976 13
2977 14
2978 14
2979 14
2980 14
2981 15
2982 14
2983 15
2984 14
2985 14
2986 15
2987 15
2988 14
2989 15
2990 14
2991 14
2992 14
2993 14
2994 15
2995 15
2996 14
2997 15
2998 15
2999 15
3000 14
3001 15
3002 14
3003 15
3004 14
3005 14
3006 14
3007 14
3008 13
3009 14
3010 14
3011 14
3012 14
3013 15
3014 14
3015 15
3016 14
3017 15
3018 14
3019 15
3020 14
3021 14
3022 14
3023 14
3024 13
3025 14
3026 14
3027 14
3028 14
3029 15
3030 14
3031 14
3032 14
3033 15
3034 14
3035 15
3036 14
3037 14
3038 14
3039 14
3040 13
3041 14
3042 14
3043 14
3044 14
3045 14
3046 14
3047 14
3048 13
3049 14
3050 14
3051 14
3052 14
3053 14
3054 14
3055 14
3056 13
3057 14
3058 14
3059 14
3060 13
3061 14
3062 14
3063 14
3064 13
3065 14
3066 13
3067 14
3068 13
3069 13
3070 13
3071 13
3072 12
3073 13
3074 13
3075 13
3076 13
3077 14
3078 13
3079 14
3080 13
3081 14
3082 14
3083 14
3084 13
3085 14
3086 14
3087 14
3088 13
3089 14
3090 14
3091 14
3092 14
3093 14
3094 14
3095 14
3096 13
3097 14
3098 14
3099 14
3100 14
3101 14
3102 14
3103 14
3104 13
3105 14
3106 14
3107 14
3108 14
3109 15
3110 14
3111 14
3112 14
3113 15
3114 14
3115 15
3116 14
3117 14
3118 14
3119 14
3120 13
3121 14
3122 14
3123 14
3124 14
3125 15
3126 14
3127 15
3128 14
3129 15
3130 14
3131 15
3132 14
3133 14
3134 14
3135 14
3136 13
3137 14
3138 14
3139 14
3140 14
3141 15
3142 14
3143 15
3144 14
3145 15
3146 15
3147 15
3148 14
3149 15
3150 14
3151 14
3152 14
3153 14
3154 15
3155 15
3156 14
3157 15
3158 15
3159 15
3160 14
3161 14
3162 14
3163 15
3164 14
3165 14
3166 14
3167 14
3168 13
3169 14
3170 14
3171 14
3172 14
3173 15
3174 14
3175 14
3176 14
3177 15
3178 15
3179 15
3180 14
3181 15
3182 14
3183 14
3184 14
3185 14
3186 14
3187 14
3188 14
3189 15
3190 14
3191 14
3192 14
3193 15
3194 14
3195 14
3196 14
3197 14
3198 14
3199 14
3200 13
3201 14
3202 14
3203 14
3204 14
3205 14
3206 14
3207 15
3208 14
3209 14
3210 14
3211 15
3212 14
3213 14
3214 15
3215 14
3216 14
3217 14
3218 14
3219 14
3220 14
3221 15
3222 15
3223 15
3224 14
3225 14
3226 14
3227 15
3228 14
3229 15
3230 14
3231 15
3232 14
3233 14
3234 14
3235 15
3236 14
3237 14
3238 15
3239 15
3240 14
3241 15
3242 15
3243 15
3244 15
3245 15
3246 14
3247 14
3248 14
3249 15
3250 14
3251 15
3252 14
3253 15
3254 15
3255 14
3256 14
3257 15
3258 14
3259 15
3260 14
3261 14
3262 14
3263 14
3264 13
3265 14
3266 14
3267 14
3268 14
3269 15
3270 14
3271 15
3272 14
3273 14
3274 15
3275 15
3276 14
3277 15
3278 15
3279 15
3280 14
3281 14
3282 14
3283 15
3284 15
3285 15
3286 15
3287 15
3288 14
3289 15
3290 15
3291 14
3292 14
3293 15
3294 14
3295 15
3296 14
3297 15
3298 14
3299 15
3300 14
3301 15
3302 14
3303 15
3304 14
3305 15
3306 15
3307 15
3308 14
3309 15
3310 14
3311 14
3312 14
3313 15
3314 14
3315 14
3316 14
3317 15
3318 14
3319 14
3320 14
3321 14
3322 14
3323 14
3324 14
3325 14
3326 14
3327 14
3328 13
3329 14
3330 14
3331 14
3332 14
3333 14
3334 14
3335 14
3336 14
3337 14
3338 14
3339 15
3340 14
3341 14
3342 14
3343 15
3344 14
3345 14
3346 14
3347 15
3348 14
3349 15
3350 15
3351 15
3352 14
3353 15
3354 14
3355 15
3356 14
3357 15
3358 15
3359 15
3360 14
3361 15
3362 14
3363 15
3364 14
3365 15
3366 14
3367 15
3368 14
3369 15
3370 15
3371 15
3372 14
3373 15
3374 15
3375 15
3376 14
3377 15
3378 15
3379 15
3380 14
3381 15
3382 15
3383 15
3384 14
3385 15
3386 15
3387 15
3388 15
3389 15
3390 15
3391 15
3392 14
3393 15
3394 15
3395 15
3396 14
3397 15
3398 15
3399 15
3400 14
3401 15
3402 14
3403 15
3404 15
3405 15
3406 15
3407 15
3408 14
3409 15
3410 15
3411 15
3412 15
3413 15
3414 15
3415 15
3416 14
3417 15
3418 15
3419 15
3420 14
3421 15
3422 15
3423 15
3424 14
3425 15
3426 14
3427 15
3428 15
3429 14
3430 15
3431 15
3432 14
3433 15
3434 15
3435 15
3436 14
3437 15
3438 14
3439 15
3440 14
3441 14
3442 15
3443 15
3444 14
3445 15
3446 14
3447 14
3448 14
3449 15
3450 14
3451 14
3452 14
3453 14
3454 14
3455 14
3456 13
3457 14
3458 14
3459 14
3460 14
3461 14
3462 14
3463 15
3464 14
3465 14
3466 14
3467 15
3468 14
3469 15
3470 15
3471 14
3472 14
3473 15
3474 14
3475 15
3476 14
3477 15
3478 15
3479 15
3480 14
3481 15
3482 15
3483 14
3484 15
3485 15
3486 14
3487 15
3488 14
3489 15
3490 15
3491 15
3492 14
3493 15
3494 15
3495 15
3496 14
3497 15
3498 15
3499 15
3500 15
3501 15
3502 15
3503 15
3504 14
3505 15
3506 15
3507 15
3508 15
3509 15
3510 14
3511 15
3512 14
3513 15
3514 15
3515 15
3516 14
3517 15
3518 15
3519 15
3520 14
3521 15
3522 15
3523 15
3524 15
3525 15
3526 15
3527 15
3528 14
3529 15
3530 15
3531 15
3532 15
3533 15
3534 15
3535 15
3536 14
3537 15
3538 15
3539 15
3540 15
3541 15
3542 15
3543 15
3544 14
3545 15
3546 15
3547 15
3548 14
3549 15
3550 15
3551 15
3552 14
3553 15
3554 15
3555 15
3556 14
3557 15
3558 15
3559 15
3560 14
3561 15
3562 15
3563 15
3564 14
3565 15
3566 14
3567 15
3568 14
3569 15
3570 14
3571 15
3572 14
3573 15
3574 14
3575 14
3576 14
3577 14
3578 14
3579 14
3580 14
3581 14
3582 14
3583 14
3584 13
3585 14
3586 14
3587 14
3588 14
3589 14
3590 14
3591 14
3592 14
3593 14
3594 14
3595 15
3596 14
3597 15
3598 14
3599 15
3600 14
3601 15
3602 14
3603 15
3604 14
3605 15
3606 15
3607 15
3608 14
3609 15
3610 15
3611 15
3612 14
3613 15
3614 15
3615 15
3616 14
3617 15
3618 15
3619 15
3620 14
3621 15
3622 15
3623 15
3624 14
3625 15
3626 15
3627 15
3628 15
3629 15
3630 15
3631 15
3632 14
3633 15
3634 15
3635 15
3636 15
3637 15
3638 15
3639 15
3640 14
3641 15
3642 15
3643 15
3644 15
3645 15
3646 15
3647 15
3648 14
3649 15
3650 15
3651 15
3652 15
3653 15
3654 15
3655 15
3656 14
3657 15
3658 15
3659 15
3660 15
3661 15
3662 15
3663 15
3664 14
3665 15
3666 15
3667 15
3668 15
3669 15
3670 15
3671 15
3672 14
3673 15
3674 15
3675 15
3676 15
3677 15
3678 15
3679 15
3680 14
3681 15
3682 15
3683 15
3684 15
3685 15
3686 15
3687 15
3688 15
3689 15
3690 15
3691 15
3692 15
3693 15
3694 15
3695 15
3696 14
3697 15
3698 15
3699 15
3700 15
3701 15
3702 15
3703 15
3704 15
3705 15
3706 15
3707 15
3708 15
3709 15
3710 15
3711 15
3712 14
3713 15
3714 15
3715 15
3716 15
3717 15
3718 15
3719 15
3720 14
3721 15
3722 15
3723 15
3724 15
3725 15
3726 15
3727 15
3728 14
3729 15
3730 15
3731 15
3732 15
3733 15
3734 15
3735 15
3736 15
3737 15
3738 15
3739 15
3740 15
3741 15
3742 15
3743 15
3744 14
3745 15
3746 15
3747 15
3748 15
3749 15
3750 15
3751 15
3752 15
3753 15
3754 15
3755 15
3756 15
3757 15
3758 15
3759 15
3760 14
3761 15
3762 15
3763 15
3764 15
3765 15
3766 15
3767 15
3768 14
3769 15
3770 15
3771 15
3772 15
3773 15
3774 15
3775 15
3776 14
3777 15
3778 15
3779 15
3780 14
3781 15
3782 15
3783 15
3784 14
3785 15
3786 15
3787 15
3788 15
3789 15
3790 15
3791 15
3792 14
3793 15
3794 15
3795 15
3796 15
3797 15
3798 15
3799 15
3800 14
3801 15
3802 15
3803 15
3804 14
3805 15
3806 15
3807 15
3808 14
3809 15
3810 14
3811 15
3812 14
3813 15
3814 15
3815 15
3816 14
3817 15
3818 15
3819 15
3820 14
3821 15
3822 14
3823 15
3824 14
3825 14
3826 14
3827 15
3828 14
3829 15
3830 14
3831 14
3832 14
3833 14
3834 14
3835 14
3836 14
3837 14
3838 14
3839 14
3840 13
3841 14
3842 14
3843 14
3844 14
3845 14
3846 14
3847 14
3848 14
3849 14
3850 14
3851 15
3852 14
3853 15
3854 14
3855 14
3856 14
3857 15
3858 14
3859 15
3860 14
3861 15
3862 15
3863 15
3864 14
3865 15
3866 15
3867 15
3868 14
3869 15
3870 14
3871 15
3872 14
3873 15
3874 15
3875 15
3876 14
3877 15
3878 15
3879 15
3880 14
3881 15
3882 15
3883 15
3884 15
3885 15
3886 15
3887 15
3888 14
3889 15
3890 15
3891 15
3892 15
3893 15
3894 15
3895 15
3896 14
3897 15
3898 15
3899 15
3900 14
3901 15
3902 15
3903 15
3904 14
3905 15
3906 14
3907 15
3908 14
3909 15
3910 15
3911 15
3912 14
3913 15
3914 15
3915 15
3916 15
3917 15
3918 15
3919 15
3920 14
3921 15
3922 15
3923 15
3924 15
3925 15
3926 15
3927 15
3928 15
3929 15
3930 15
3931 15
3932 15
3933 15
3934 15
3935 15
3936 14
3937 14
3938 14
3939 15
3940 15
3941 15
3942 15
3943 15
3944 15
3945 15
3946 15
3947 15
3948 15
3949 15
3950 15
3951 15
3952 14
3953 14
3954 15
3955 15
3956 15
3957 15
3958 15
3959 15
3960 14
3961 15
3962 15
3963 15
3964 14
3965 15
3966 14
3967 14
3968 13
3969 14
3970 14
3971 15
3972 14
3973 15
3974 15
3975 15
3976 14
3977 15
3978 15
3979 15
3980 15
3981 15
3982 15
3983 14
3984 14
3985 15
3986 15
3987 15
3988 15
3989 15
3990 15
3991 15
3992 15
3993 15
3994 15
3995 15
3996 15
3997 15
3998 14
3999 14
4000 14
4001 14
4002 15
4003 15
4004 15
4005 15
4006 15
4007 15
4008 15
4009 15
4010 15
4011 15
4012 15
4013 15
4014 15
4015 15
4016 14
4017 15
4018 15
4019 15
4020 15
4021 15
4022 15
4023 15
4024 14
4025 15
4026 15
4027 15
4028 14
4029 15
4030 14
4031 14
4032 13
4033 14
4034 14
4035 15
4036 14
4037 15
4038 15
4039 15
4040 14
4041 15
4042 15
4043 15
4044 15
4045 15
4046 15
4047 15
4048 14
4049 15
4050 15
4051 15
4052 15
4053 15
4054 15
4055 15
4056 14
4057 15
4058 15
4059 15
4060 14
4061 15
4062 14
4063 14
4064 13
4065 14
4066 14
4067 15
4068 14
4069 15
4070 15
4071 15
4072 14
4073 15
4074 15
4075 15
4076 14
4077 15
4078 14
4079 14
4080 13
4081 14
4082 14
4083 15
4084 14
4085 15
4086 14
4087 14
4088 13
4089 14
4090 14
4091 14
4092 13
4093 14
4094 13
4095 13
